00000000001100001000000010010011
00000000000100000000000010010011
00000000001000000000000010010011
00000000001100000000000010010011
00000000010000000000000010010011
00000000010100000000000010010011
00000000011000000000000010010011
00000000011100000000000010010011
00000000100000000000000010010011
00000000100100000000000010010011
00000000101000000000000010010011
00000000101100000000000010010011
00000000110000000000000010010011
00000000110100000000000010010011
00000000111000000000000010010011
00000000111100000000000010010011
00000001000000000000000010010011
00000001000100000000000010010011
00000001001000000000000010010011
00000001001100000000000010010011
00000001010000000000000010010011
00000001010100000000000010010011
00000001011000000000000010010011
00000001011100000000000010010011
00000001100000000000000010010011
00000001100100000000000010010011
00000001101000000000000010010011
00000001101100000000000010010011
00000001110000000000000010010011
00000001110100000000000010010011
00000001111000000000000010010011
00000001111100000000000010010011